Thibaud : 27623.938334999963 1.map
Thibaud : 44938.77612600002 b.map
